0 0 1 1 2 4
0 1 1 1 2 4
0 2 1 1 2 4
0 3 1 0 2 4
0 4 1 0 1 4
0 5 1 1 2 0
0 6 1 0 2 0
0 7 1 1 0 2
0 8 1 1 0 1
0 9 1 1 2 1
0 10 1 1 0 3
0 11 1 0 0 3
0 12 1 0 0 0
0 13 1 0 0 4
0 14 1 0 2 2
0 15 1 0 2 2
0 16 1 0 0 4
0 17 1 1 0 0
0 18 1 0 1 0
0 19 1 1 0 0
0 20 1 1 0 3
0 21 1 1 1 3
0 22 1 0 1 1
0 23 1 1 1 2
1 0 1 1 1 4
1 1 1 1 1 4
1 2 1 1 0 4
1 3 1 1 0 4
1 4 1 1 0 4
1 5 1 1 0 0
1 6 1 0 0 0
1 7 1 1 1 4
1 8 1 1 2 4
1 9 1 1 1 4
1 10 1 1 1 3
1 11 1 0 0 1
1 12 1 0 0 1
1 13 1 0 1 3
1 14 1 0 0 0
1 15 1 1 1 2
1 16 1 1 1 0
1 17 1 1 2 2
1 18 1 0 2 0
1 19 1 0 2 2
1 20 1 0 1 2
1 21 1 1 0 3
1 22 1 0 0 0
1 23 1 0 0 3
2 0 1 1 1 4
2 1 1 1 0 4
2 2 1 1 2 4
2 3 1 0 0 4
2 4 1 1 0 4
2 5 1 1 2 0
2 6 1 0 2 3
2 7 1 1 0 3
2 8 1 0 0 1
2 9 1 1 0 0
2 10 1 0 1 3
2 11 1 1 0 1
2 12 1 1 1 3
2 13 1 0 0 4
2 14 1 0 1 0
2 15 1 1 1 4
2 16 1 1 2 4
2 17 1 1 0 1
2 18 1 1 1 1
2 19 1 0 1 0
2 20 1 0 2 1
2 21 1 1 2 1
2 22 1 0 2 1
2 23 1 1 1 0
3 0 1 0 0 4
3 1 1 1 0 4
3 2 1 1 1 4
3 3 1 0 1 4
3 4 1 0 0 4
3 5 1 0 0 2
3 6 1 0 0 3
3 7 1 1 0 1
3 8 1 0 0 4
3 9 1 1 1 4
3 10 1 1 0 1
3 11 1 0 2 3
3 12 1 0 1 4
3 13 1 0 0 3
3 14 1 0 2 3
3 15 1 0 0 0
3 16 1 1 0 2
3 17 1 0 2 4
3 18 1 1 1 4
3 19 1 1 1 2
3 20 1 1 0 3
3 21 1 1 0 4
3 22 1 1 1 4
3 23 1 0 0 3
4 0 1 0 1 4
4 1 1 0 0 4
4 2 1 1 2 4
4 3 1 1 2 4
4 4 1 0 0 4
4 5 1 1 0 2
4 6 1 0 1 0
4 7 1 1 0 3
4 8 1 1 1 1
4 9 1 0 2 1
4 10 1 1 0 2
4 11 1 1 2 3
4 12 1 0 0 0
4 13 1 1 1 0
4 14 1 1 2 1
4 15 1 1 1 0
4 16 1 1 0 0
4 17 1 0 0 0
4 18 1 1 2 0
4 19 1 1 2 0
4 20 1 1 1 1
4 21 1 1 1 3
4 22 1 1 2 1
4 23 1 1 2 4
5 0 1 1 1 4
5 1 1 0 2 4
5 2 1 1 0 4
5 3 1 1 0 4
5 4 1 0 2 4
5 5 1 1 1 4
5 6 1 0 2 0
5 7 1 1 2 1
5 8 1 1 1 2
5 9 1 1 1 4
5 10 1 0 1 0
5 11 1 1 0 0
5 12 1 0 1 1
5 13 1 1 0 3
5 14 1 0 1 3
5 15 1 0 2 0
5 16 1 0 2 2
5 17 1 0 0 0
5 18 1 0 2 3
5 19 1 0 1 3
5 20 1 1 2 3
5 21 1 0 2 1
5 22 1 1 2 2
5 23 1 0 0 1
6 0 1 1 0 4
6 1 1 1 1 4
6 2 1 0 0 4
6 3 1 1 2 4
6 4 1 1 0 4
6 5 1 1 0 1
6 6 1 0 2 2
6 7 1 0 2 2
6 8 1 0 0 2
6 9 1 1 1 0
6 10 1 1 2 0
6 11 1 0 1 1
6 12 1 0 2 0
6 13 1 0 0 4
6 14 1 1 1 2
6 15 1 1 0 4
6 16 1 1 1 4
6 17 1 0 2 2
6 18 1 0 0 3
6 19 1 1 1 2
6 20 1 0 1 3
6 21 1 0 1 0
6 22 1 0 0 4
6 23 1 0 1 3
